. python3 3dTRG_triad.py 15 20 1
STARTED:  2020-12-09 16:42:47
0.05 -0.001991
0.1 -0.007628
0.15 -0.016942
0.2 -0.030015
0.25 -0.046776
0.3 -0.0672
0.35 -0.091239
0.4 -0.118838
0.45 -0.150009
0.5 -0.184598
0.55 -0.222635
0.6 -0.263976
0.65 -0.308667
0.7 -0.356681
0.75 -0.408102
0.8 -0.462917
0.85 -0.521215
0.9 -0.582852
0.95 -0.648049
1.0 -0.716925
1.05 -0.789036
1.1 -0.864876
1.15 -0.944265
1.2 -1.027174
1.25 -1.11355
1.3 -1.203333
1.35 -1.296894
1.4 -1.389368
1.45 -1.477664
1.5 -1.566817
1.55 -1.675032
1.6 -1.780225
1.65 -1.890897
1.7 -2.003744
1.75 -2.115189
1.8 -2.229347
1.85 -2.347361
1.9 -2.468408
1.95 -2.590422
2.0 -2.71273
COMPLETED:  2020-12-09 16:58:56
