# Format -->  'h'   'Tc'   'Error in Tc' 
1.5e-12
1.5e-11
1.5e-10         0.90240      0.00005 
1.5e-9          0.90525      0.00025  
3.5e-9		      0.90960	     0.00025
5.5e-9          0.91165      0.00010
1.5e-8	        0.91325      0.00015
2.5e-8		      0.91395	     0.00005 
3.5e-8		      0.91550	     0.00050 
5.5e-8		      0.91725	     0.00025  
1.5e-7          0.92150      0.00025 
2.5e-7          0.92450      0.00050 
3.5e-7		      0.92600      0.00050
5.5e-7          0.92825	     0.00025 
8.5e-7		      0.93050	     0.00050
1.5e-6          0.93400      0.00025 
2.5e-6		      0.93800	     0.00050 
3.5e-6		      0.93950	     0.00050		
5.5e-6          0.94375      0.00025  
7.5e-6		      0.94700	     0.00025  
1.5e-5          0.95230      0.00005 
2.5e-5		      0.95775      0.00025 
3.5e-5		      0.96200      0.00050  
4.5e-5		      0.96600	     0.00100  
7.5e-5		      0.97200	     0.00100
