T	    M at 1e-4	            M at 2e-4
0.95
0.96	0.37687556632713476	0.41091300914186246
0.97	0.30197753089709639	0.36292733101021324	
0.98	0.20842703492700981	0.29689453535818078
0.99	0.1318942959564974	0.22119378237256135
1.00	0.083944848644319517	0.15494735347098137
1.01	
1.02
1.03
1.04


T	    M at 1e-7	            M at 2e-7
0.88	0.41546303338566393	0.42232719433834526
0.885
0.89	0.40490752385932943	0.4121156748059504    # Niters=15
0.895	0.40189219198484699	0.40738788706568629	
0.90	0.39455637950592498	0.40113665484508298   # Niters=15
0.91
0.92
0.93
0.94
0.95


