-0.724904 1.0
-0.797801 1.05
-0.874102 1.1
-0.95378 1.1500000000000001
-1.0368 1.2000000000000002
-1.123108 1.2500000000000002
-1.212637 1.3000000000000003
-1.305298 1.3500000000000003
-1.400985 1.4000000000000004
-1.499573 1.4500000000000004
-1.600918 1.5000000000000004
-1.704865 1.5500000000000005
-1.811246 1.6000000000000005
-1.919889 1.6500000000000006
-2.030619 1.7000000000000006
-2.143265 1.7500000000000007
-2.257662 1.8000000000000007
-2.373656 1.8500000000000008
-2.4911 1.9000000000000008
-2.609289 1.9500000000000008