4.40 -3.4924992192572595
4.41 -3.495923838219545
4.42 -3.499132413657482
4.43 -3.498513894986339
4.44 -3.505456315048869
4.45 -3.5050678340495214
4.46 -3.5087352792055553
4.47 -3.5121146283911564
4.48 -3.518239064468709
4.49 -3.5193934302320584
4.50 -3.5218243172127015
4.51 -3.5271690877387956
4.52 -3.5309543531991783
4.53 -3.533827169811286
4.54 -3.538633142176802
4.55 -3.54516323821848
4.56 -3.5479062853230894
4.57 -3.552291348440552
4.58 -3.558188366376618
4.59 -3.561197612950534
4.60 -3.56589098445182
