# Vol=2^15, D=41, no truncation over elements 
0.1 -0.0075918690437841
0.12 -0.0109381456170868
0.14 -0.0149183224414474
0.16 -0.0195301596338449
0.18 -0.0247948388489936
0.2 -0.0307303958771651
0.22 -0.0373467353098036
0.24 -0.0446523549726533
0.26 -0.0526686032631384
0.28 -0.0613495111160202
0.3 -0.0708317011794683
0.32 -0.0811093710221347
0.34 -0.0922006523209854
0.36 -0.1041500287741472
0.38 -0.1170368322735598
0.4 -0.1310347691335216
0.42 -0.1463032419919318
0.44 -0.1628114037148475
0.46 -0.1816079876188785
0.48 -0.2050718596621406
0.5 -0.2319922091468559
0.52 -0.2616433201820635
0.54 -0.2935978246196589
0.56 -0.3272346325344744
0.58 -0.3626429317293688
0.6 -0.3994273847667318
0.62 -0.4378968706254086
0.64 -0.4771361888465329
0.66 -0.5171544797022712
0.68 -0.5583145756442033


# Vol=2^15, D=61, start with D/4 and no truncation over elements 
0.1 -0.0075914067213381
0.11 -0.0091860056321477
0.12 -0.0109353814498922
0.13 -0.0128423217173271
0.14 -0.0149081153574105
0.15 -0.0171324637710153
0.16 -0.0195170320560404
0.17 -0.022062604955763
0.18 -0.0247746878969702
0.19 -0.0276489475524675
0.2 -0.0306757016381988
0.21 -0.0338688836733548
0.22 -0.0372469228655724
0.23 -0.040798280984596
0.24 -0.0445243537145168
0.25 -0.0484194853085461
0.26 -0.0524982327079787
0.27 -0.056727889487169
0.28 -0.0611909271085744
0.29 -0.0658270178433169
0.3 -0.0706850235127972
0.31 -0.0757295515225904
0.32 -0.0810147364750766
0.33 -0.0864334408814577