1.0				    -1.4579399999999985
1.05				    -1.4919799999999992
1.1				    -1.5597899999999996
1.15				    -1.6269799999999974
1.2				    -1.6932799999999977
1.25				    -1.7583699999999987
1.3				    -1.8218999999999992
1.35				    -1.8834799999999978
1.4				    -1.942749999999998
1.45				    -1.9993299999999996
1.5				    -2.0529199999999985
1.55				    -2.103279999999999
1.6				    -2.150239999999997
1.65				    -2.1937199999999972
1.7				    -2.233749999999997
1.75				    -2.2704199999999974
1.8				    -2.3038899999999995
1.85				    -2.334379999999998
1.9				    -2.357539999999998
1.95				    -2.3686699999999994
2.0				    -2.371160000000001
