3.0 -1.0219140286
3.02 -1.0159516441
3.04 -1.0100892649
3.06 -1.0043239015
3.08 -0.9986546736
3.1 -0.9930798775
3.12 -0.9875982291
3.14 -0.9822081058
3.16 -0.9769082039
3.18 -0.9716964026
3.2 -0.9665726773
3.22 -0.9615350584
3.24 -0.9565825561
3.26 -0.9517133452
3.28 -0.9469263789
3.3 -0.942220575
3.32 -0.9375947317
3.34 -0.9330470748
3.36 -0.9285784941
3.38 -0.9241865754
3.4 -0.919869074
3.42 -0.9156275759
3.44 -0.9114583795
3.46 -0.9073631735
3.48 -0.903339012
3.5 -0.8993850523
3.52 -0.895502256
3.54 -0.8916864431
3.56 -0.8879408843
3.58 -0.8842623074
3.6 -0.8806499256
3.62 -0.8771029012
3.64 -0.8736220079
3.66 -0.8702026759
3.68 -0.8668495648
3.7 -0.8635597658
3.72 -0.8603317664
3.74 -0.8571652202
3.76 -0.8540595985
3.78 -0.8510137109
3.8 -0.8480282208
3.82 -0.8451017916
3.84 -0.8422338019
3.86 -0.8394236258
3.88 -0.8366717783
3.9 -0.8339760625
3.92 -0.8313368109
3.94 -0.8287524675
3.96 -0.8262255164
3.98 -0.8237517347
4.0 -0.8213340263
4.02 -0.8189698778
4.04 -0.8166603943
4.06 -0.8144039704
4.08 -0.8122007774
4.1 -0.8100472232
4.12 -0.8079489245
4.14 -0.8059041218
4.16 -0.8039113396
4.18 -0.801970588
4.2 -0.8000826089
4.22 -0.7982408424
4.24 -0.7964552925
4.26 -0.794720545
4.28 -0.7930384717
4.3 -0.7913982324
4.32 -0.7898207277
4.34 -0.7882942172
4.36 -0.7868201645
4.38 -0.7853988499
4.4 -0.7840309226
4.42 -0.7827198873
4.44 -0.781464693
4.46 -0.7802672633
4.48 -0.7791303812
4.5 -0.7780579544
4.52 -0.7770662762
4.54 -0.7761479081
4.56 -0.7752563391
4.58 -0.7743805662
4.6 -0.7735255262
4.62 -0.77268943
4.64 -0.7718754121
4.66 -0.771067684
4.68 -0.7702820091
4.7 -0.7695157107
4.72 -0.7687543596
4.74 -0.7680084336
4.76 -0.7672789226
4.78 -0.7665577253
4.8 -0.7658421222
4.82 -0.7651585332
4.84 -0.7644667724
4.86 -0.7637905256
4.88 -0.7631386478
4.9 -0.762474535
4.92 -0.7618309822
4.94 -0.7612126313
4.96 -0.7605873227
4.98 -0.7599725943
5.0 -0.7593664317
5.02 -0.7587609513
5.04 -0.7581714715
5.06 -0.7575921352
5.08 -0.7570226202
5.1 -0.7564608447
5.12 -0.7559252954
5.14 -0.7553802187
5.16 -0.7548423909
5.18 -0.7543127148
5.2 -0.7537901438
5.22 -0.753274721
5.24 -0.7527663273
5.26 -0.752264807
5.28 -0.7517686363
5.3 -0.7512803226
5.32 -0.7507985897
5.34 -0.7503221252
5.36 -0.7498564834
5.38 -0.7494097654
5.4 -0.7489524559
5.42 -0.7485008101
5.44 -0.7480550407
5.46 -0.7476152445
5.48 -0.7471809359
5.5 -0.7467513317
5.52 -0.7463279477
5.54 -0.745909776
5.56 -0.7454969225
5.58 -0.7450889477
5.6 -0.744686213
5.62 -0.7442882892
5.64 -0.7438951367
5.66 -0.7435067407
5.68 -0.7431228755
5.7 -0.7427447045
5.72 -0.7423719089
5.74 -0.7420015501