0.10 -0.0075914067213381
0.11 -0.0091860056321477
0.12 -0.0109353814498922
0.13 -0.0128423217173271
0.14 -0.0149081153574105
0.15 -0.0171324637710153
0.16 -0.0195170320560404
0.17 -0.0220626049557630
0.18 -0.0247746878969702
0.19 -0.0276489475524675
0.20 -0.0306757016381988
0.21 -0.0338688836733548
0.22 -0.0372469228655724
0.23 -0.0407982809845960
0.24 -0.0445243537145168
0.25 -0.0484194853085461
0.26 -0.0524982327079787
0.27 -0.0567278894871690
0.28 -0.0611909271085744
0.29 -0.0658270178433169
0.30 -0.0706850235127972
0.31 -0.0757295515225904
0.32 -0.0810147364750766
0.33 -0.0864334408814577
0.34 -0.0921207546029663
0.35 -0.0980088174190195
0.36 -0.1041286783579618
0.37 -0.1105019655379983
0.38 -0.1171073256470982
0.39 -0.1240069268374773
0.40 -0.1311741221762344
0.41 -0.1386074204050550
0.42 -0.1463972492365590
0.43 -0.1544947305990603
0.44 -0.1629793610269153
0.45 -0.1719407022336434
0.46 -0.1820357236707922
0.47 -0.1932859021434456
0.48 -0.2055583122471892
0.49 -0.2187269309739038
0.50 -0.2325565473686512
0.51 -0.2470826742003382
0.52 -0.2622555038870034
0.53 -0.2780071582936120
0.54 -0.2942904308364182
0.55 -0.3111166489163720
0.56 -0.3282923346451609
0.57 -0.3458049495474945
0.58 -0.3637188202737778
0.59 -0.3820155414472646	
0.60 -0.4006631247135049
0.61 -0.4196153554673872
0.62 -0.4388156320680339
0.63 -0.4582920470322889
0.64 -0.4780010368611010
0.65 -0.4979441999974862
0.66 -0.5181853708708616
0.67 -0.5386463083845155
0.68 -0.5592120436074645
0.69 -0.5801009257102784